startingpos=|80, 100, 5, 1|

sectornumber=15

Sector X
wall = amount of walls ,z of ceiling, z of floor |x,y,x,y, sector portal, art (top part if portal), botart(only if portal!!)|

indicate desired art with number
zero  brick
one  metal
two  rock
three test
four  tprz
five  wall
six  wood

sector one
wall=12,20000,-100
|70,65,90,65,2,2,6
|80,155,100,155,7,4,2
|35,130,40,140,14,2,3
|90,65,100,70,0,2
|100,70,120,100,0,2
|120,100,120,110,0,2
|120,110,100,155,0,2
|80,155,50,150,0,2
|50,150,40,140,0,2
|35,130,40,100,0,2
|40,100,60,70,0,2
|60,70,70,65,0,2

sector two
wall=4,10,-90
|70,60,90,60,3,6,6
|70,65,90,65,1,6,6
|70,60,70,65,0,6
|90,65,90,60,0,6

sector three
wall=11,60,-100
|55,30,55,35,4,1,2
|95,27,100,28,5,1,6
|70,60,90,60,2,1,3
|90,60,105,55,0,1
|105,55,105,30,0,1
|105,30,100,28,0,1
|95,27,90,25,0,1
|90,25,70,25,0,1
|70,25,55,30,0,1
|55,35,55,55,0,1
|55,55,70,60,0,1

sector four
wall=4,-60,-100
|55,30,55,35,3,6,6
|42,30,42,35,15,6,6
|42,30,55,30,0,6
|42,35,55,35,0,6

sector five
wall=4,5,-90
|97,24,102,25,6,6,6
|95,27,100,28,3,6,6
|95,27,97,24,0,6
|102,25,100,28,0,6

sector sex
wall=6,60,-95
|97,24,102,25,5,4,4
|102,25,110,30,0,4
|110,30,115,20,0,4
|115,20,95,10,0,4
|95,10,90,20,0,4
|90,20,97,24,0,4

sector seven
wall=4,500,-95
|100,160,80,160,8,6,6
|80,155,100,155,1,6,6
|80,155,80,160,0,6
|100,155,100,160,0,6

sector eight
wall=7,60,-95
|60,160,60,165,9,0,0
|80,160,100,160,7,0,0
|100,160,110,160,0,0
|110,160,110,180,0,0
|110,180,60,180,0,0
|60,180,60,165,0,0
|60,160,80,160,0,0

sector nine
wall=4,5,-75
|55,165,55,160,10,6,6
|60,165,60,160,8,6,6
|60,165,55,165,0,6
|60,160,55,160,0,6

sector ten
wall=4,30,-55
|50,157,47,161,11,6,6
|55,160,55,165,9,6,6
|50,157,55,160,0,6
|47,161,55,165,0,6

sector eleveven
wall=4,45,-35
|45,153,42,156,12,6,6
|50,157,47,161,10,6,6
|50,157,45,153,0,6
|47,161,42,156,0,6

sector twelve
wall=4,65,-30
|43,149,38,151,13,6,6
|42,156,45,153,11,6,6
|42,156,38,151,0,6
|43,149,45,153,0,6

sector treze xDDDDD
wall=7,100,-25
|34,131,39,141,14,0,0
|38,151,43,149,12,1,1
|39,141,43,149,0,2
|38,151,30,155,0,3
|30,155,20,132,0,4
|20,132,32,127,0,5
|32,127,34,131,0,6

sector fourteen
wall=4,75,-10
|35,130,40,140,1,6,6
|39,141,34,131,13,6,6
|34,131,35,130,0,6
|40,140,39,141,0,6

sector fifteen
wall=4,100,-130
|42,30,42,35,4,3,3
|25,30,25,35,0,2
|42,30,25,30,0,2
|42,35,25,35,0,2

Entities:
entitiesnumber = 4
x = 70 y = 35 ang = 0 esct = 3 scale = 1 type = 21
x = 105 y = 25 ang = 0 esct = 6 scale = 1 type = 21
x = 35 y = 32 ang = 0 esct = 15 scale = 1 type = 10
x = 32 y = 140 ang = 0 esct = 13 scale = 1 type = 15